107
 1 2
 2 3
 2 10
 3 4
 3 5
 5 6
 5 7
 7 8
 7 12
 8 9
 8 10
 10 11
 12 13
 12 17
 13 14
 14 15
 14 29
 15 16
 16 17
 16 18
 18 19
 18 27
 19 20
 19 21
 21 22
 21 23
 23 24
 23 25
 25 26
 25 27
 27 28
 29 30
 29 41
 30 31
 30 38
 31 32
 31 40
 32 33
 32 34
 34 35
 34 36
 36 37
 36 38
 38 39
 40 41
 40 47
 41 42
 42 43
 42 44
 44 45
 44 49
 45 46
 45 47
 47 48
 49 50
 49 67
 50 51
 50 52
 52 53
 52 54
 54 55
 54 66
 55 56
 55 64
 56 57
 56 58
 58 59
 58 60
 60 61
 60 62
 62 63
 62 64
 64 65
 65 66
 65 69
 66 67
 67 68
 69 70
 69 85
 70 71
 71 72
 71 83
 72 73
 72 81
 73 74
 73 75
 75 76
 75 77
 77 78
 77 79
 79 80
 79 81
 81 82
 83 84
 84 85
 84 86
 86 87
 86 95
 87 88
 87 89
 89 90
 89 91
 91 92
 91 93
 93 94
 93 95
 95 96
174
 1 2 3
 1 2 10
 3 2 10
 2 3 4
 2 3 5
 4 3 5
 3 5 6
 3 5 7
 6 5 7
 5 7 8
 5 7 12
 8 7 12
 7 8 9
 7 8 10
 9 8 10
 2 10 8
 2 10 11
 8 10 11
 7 12 13
 7 12 17
 13 12 17
 12 13 14
 13 14 15
 13 14 29
 15 14 29
 14 15 16
 15 16 17
 15 16 18
 17 16 18
 12 17 16
 16 18 19
 16 18 27
 19 18 27
 18 19 20
 18 19 21
 20 19 21
 19 21 22
 19 21 23
 22 21 23
 21 23 24
 21 23 25
 24 23 25
 23 25 26
 23 25 27
 26 25 27
 18 27 25
 18 27 28
 25 27 28
 14 29 30
 14 29 41
 30 29 41
 29 30 31
 29 30 38
 31 30 38
 30 31 32
 30 31 40
 32 31 40
 31 32 33
 31 32 34
 33 32 34
 32 34 35
 32 34 36
 35 34 36
 34 36 37
 34 36 38
 37 36 38
 30 38 36
 30 38 39
 36 38 39
 31 40 41
 31 40 47
 41 40 47
 29 41 40
 29 41 42
 40 41 42
 41 42 43
 41 42 44
 43 42 44
 42 44 45
 42 44 49
 45 44 49
 44 45 46
 44 45 47
 46 45 47
 40 47 45
 40 47 48
 45 47 48
 44 49 50
 44 49 67
 50 49 67
 49 50 51
 49 50 52
 51 50 52
 50 52 53
 50 52 54
 53 52 54
 52 54 55
 52 54 66
 55 54 66
 54 55 56
 54 55 64
 56 55 64
 55 56 57
 55 56 58
 57 56 58
 56 58 59
 56 58 60
 59 58 60
 58 60 61
 58 60 62
 61 60 62
 60 62 63
 60 62 64
 63 62 64
 55 64 62
 55 64 65
 62 64 65
 64 65 66
 64 65 69
 66 65 69
 54 66 65
 54 66 67
 65 66 67
 49 67 66
 49 67 68
 66 67 68
 65 69 70
 65 69 85
 70 69 85
 69 70 71
 70 71 72
 70 71 83
 72 71 83
 71 72 73
 71 72 81
 73 72 81
 72 73 74
 72 73 75
 74 73 75
 73 75 76
 73 75 77
 76 75 77
 75 77 78
 75 77 79
 78 77 79
 77 79 80
 77 79 81
 80 79 81
 72 81 79
 72 81 82
 79 81 82
 71 83 84
 83 84 85
 83 84 86
 85 84 86
 69 85 84
 84 86 87
 84 86 95
 87 86 95
 86 87 88
 86 87 89
 88 87 89
 87 89 90
 87 89 91
 90 89 91
 89 91 92
 89 91 93
 92 91 93
 91 93 94
 91 93 95
 94 93 95
 86 95 93
 86 95 96
 93 95 96
268
 1 2 3 4
 1 2 3 5
 10 2 3 4
 10 2 3 5
 1 2 10 8
 1 2 10 11
 3 2 10 8
 3 2 10 11
 2 3 5 6
 2 3 5 7
 4 3 5 6
 4 3 5 7
 3 5 7 8
 3 5 7 12
 6 5 7 8
 6 5 7 12
 5 7 8 9
 5 7 8 10
 12 7 8 9
 12 7 8 10
 5 7 12 13
 5 7 12 17
 8 7 12 13
 8 7 12 17
 7 8 10 2
 7 8 10 11
 9 8 10 2
 9 8 10 11
 7 12 13 14
 17 12 13 14
 7 12 17 16
 13 12 17 16
 12 13 14 15
 12 13 14 29
 13 14 15 16
 29 14 15 16
 13 14 29 30
 13 14 29 41
 15 14 29 30
 15 14 29 41
 14 15 16 17
 14 15 16 18
 15 16 17 12
 18 16 17 12
 15 16 18 19
 15 16 18 27
 17 16 18 19
 17 16 18 27
 16 18 19 20
 16 18 19 21
 27 18 19 20
 27 18 19 21
 16 18 27 25
 16 18 27 28
 19 18 27 25
 19 18 27 28
 18 19 21 22
 18 19 21 23
 20 19 21 22
 20 19 21 23
 19 21 23 24
 19 21 23 25
 22 21 23 24
 22 21 23 25
 21 23 25 26
 21 23 25 27
 24 23 25 26
 24 23 25 27
 23 25 27 18
 23 25 27 28
 26 25 27 18
 26 25 27 28
 14 29 30 31
 14 29 30 38
 41 29 30 31
 41 29 30 38
 14 29 41 40
 14 29 41 42
 30 29 41 40
 30 29 41 42
 29 30 31 32
 29 30 31 40
 38 30 31 32
 38 30 31 40
 29 30 38 36
 29 30 38 39
 31 30 38 36
 31 30 38 39
 30 31 32 33
 30 31 32 34
 40 31 32 33
 40 31 32 34
 30 31 40 41
 30 31 40 47
 32 31 40 41
 32 31 40 47
 31 32 34 35
 31 32 34 36
 33 32 34 35
 33 32 34 36
 32 34 36 37
 32 34 36 38
 35 34 36 37
 35 34 36 38
 34 36 38 30
 34 36 38 39
 37 36 38 30
 37 36 38 39
 31 40 41 29
 31 40 41 42
 47 40 41 29
 47 40 41 42
 31 40 47 45
 31 40 47 48
 41 40 47 45
 41 40 47 48
 29 41 42 43
 29 41 42 44
 40 41 42 43
 40 41 42 44
 41 42 44 45
 41 42 44 49
 43 42 44 45
 43 42 44 49
 42 44 45 46
 42 44 45 47
 49 44 45 46
 49 44 45 47
 42 44 49 50
 42 44 49 67
 45 44 49 50
 45 44 49 67
 44 45 47 40
 44 45 47 48
 46 45 47 40
 46 45 47 48
 44 49 50 51
 44 49 50 52
 67 49 50 51
 67 49 50 52
 44 49 67 66
 44 49 67 68
 50 49 67 66
 50 49 67 68
 49 50 52 53
 49 50 52 54
 51 50 52 53
 51 50 52 54
 50 52 54 55
 50 52 54 66
 53 52 54 55
 53 52 54 66
 52 54 55 56
 52 54 55 64
 66 54 55 56
 66 54 55 64
 52 54 66 65
 52 54 66 67
 55 54 66 65
 55 54 66 67
 54 55 56 57
 54 55 56 58
 64 55 56 57
 64 55 56 58
 54 55 64 62
 54 55 64 65
 56 55 64 62
 56 55 64 65
 55 56 58 59
 55 56 58 60
 57 56 58 59
 57 56 58 60
 56 58 60 61
 56 58 60 62
 59 58 60 61
 59 58 60 62
 58 60 62 63
 58 60 62 64
 61 60 62 63
 61 60 62 64
 60 62 64 55
 60 62 64 65
 63 62 64 55
 63 62 64 65
 55 64 65 66
 55 64 65 69
 62 64 65 66
 62 64 65 69
 64 65 66 54
 64 65 66 67
 69 65 66 54
 69 65 66 67
 64 65 69 70
 64 65 69 85
 66 65 69 70
 66 65 69 85
 54 66 67 49
 54 66 67 68
 65 66 67 49
 65 66 67 68
 65 69 70 71
 85 69 70 71
 65 69 85 84
 70 69 85 84
 69 70 71 72
 69 70 71 83
 70 71 72 73
 70 71 72 81
 83 71 72 73
 83 71 72 81
 70 71 83 84
 72 71 83 84
 71 72 73 74
 71 72 73 75
 81 72 73 74
 81 72 73 75
 71 72 81 79
 71 72 81 82
 73 72 81 79
 73 72 81 82
 72 73 75 76
 72 73 75 77
 74 73 75 76
 74 73 75 77
 73 75 77 78
 73 75 77 79
 76 75 77 78
 76 75 77 79
 75 77 79 80
 75 77 79 81
 78 77 79 80
 78 77 79 81
 77 79 81 72
 77 79 81 82
 80 79 81 72
 80 79 81 82
 71 83 84 85
 71 83 84 86
 83 84 85 69
 86 84 85 69
 83 84 86 87
 83 84 86 95
 85 84 86 87
 85 84 86 95
 84 86 87 88
 84 86 87 89
 95 86 87 88
 95 86 87 89
 84 86 95 93
 84 86 95 96
 87 86 95 93
 87 86 95 96
 86 87 89 90
 86 87 89 91
 88 87 89 90
 88 87 89 91
 87 89 91 92
 87 89 91 93
 90 89 91 92
 90 89 91 93
 89 91 93 94
 89 91 93 95
 92 91 93 94
 92 91 93 95
 91 93 95 86
 91 93 95 96
 94 93 95 86
 94 93 95 96
